2.665254098720436920e-02
1.608741744293680151e-02
1.604616678618487821e-02
1.637506067141515295e-02
6.823283283894538975e-01
5.730569022881921715e-01
5.097760740037550475e-02
1.111329809809744528e-03
3.400824257062137063e-02
2.701599694616662120e-02
2.407197492636937650e-02
1.591324451970495268e-02
3.679647663535273172e-01
1.188966611894841721e-02
4.160496076919998343e-01
4.795131711018460474e-03
4.657027514333312440e-02
2.115472530005945914e-02
4.253316473928465957e-02
7.846113761779485024e-03
1.975300525278679900e-02
3.321570323100390965e-02
1.631174464975815308e-02
5.486596128531869877e-03
3.255922119196214687e-02
3.273216217842813552e-02
6.749484328532737165e-02
1.255361680868432618e-02
1.272199102849755695e-02
1.522654216794063105e-02
7.753877603420016029e-02
1.418387842858128689e-01
8.643120265238963401e-03
2.617964042245185877e-02
9.360736451412745435e-03
4.710929990390216870e-02
6.454838026815236385e-02
4.491100637197956852e-02
1.362981161324207380e-02
2.146153131358424608e-03
3.416717942900191624e-02
8.661944225840972206e-03
2.934583871608401756e-02
5.221658756114325173e-02
1.154336523272984742e-02
3.294960957905038179e-02
3.926195477351863972e-02
4.507746330790213772e-03
1.950771010114742826e-02
2.169797353997478598e-02
6.265621478126734978e-01
2.525150128025117624e-01
3.041649037954027857e-01
4.307407044442522759e-01
1.478707807509974659e-01
4.035798239824454070e-01
5.589218373809489160e-01
1.980309773687247699e-01
1.835223841328192662e-01
7.287714472349560157e-01
5.167431110413097661e-01
8.022056959799120368e-02
8.429753919903907322e-01
2.026558008858859450e-01
1.135401535576592846e-01
8.548175048284464284e-01
7.129608009226667820e-01
3.439393723837809724e-01
5.294341648855073190e-01
8.191269159009205436e-02
1.676860414901135965e-01
9.892646293074564001e-02
5.992889350823858707e-02
8.893464315713290880e-01
4.026971573476517685e-02
4.053021806088135670e-01
3.628588306997942992e-01
2.419849331172540252e-01
1.076883015512016331e-02
2.827813687552934163e-01
2.749500763885660559e-01
4.991385560826555601e-01
5.088944160750017431e-01
7.614010918957676566e-01
2.829906964861097496e-01
7.216468523636833110e-01
9.660679164524093032e-01
7.666779266943894722e-02
8.643078682431856175e-01
5.206805362482628263e-01
2.532768589628734968e-01
1.044998883359288810e-01
1.372931051292433369e-01
4.274468161713499970e-01
3.256907556340135623e-02
6.923264038347043403e-01
5.000863679739551149e-01
1.989596023604391084e-01
3.654753526078998727e-01
8.519634919220613334e-01
