8.932989669062939286e-03
1.344430648040345067e-01
5.529396631328964418e-02
7.516539185217157616e-03
8.037913272303554013e-02
1.695055893561713337e-02
9.045178818204263615e-01
3.944687129352115323e-02
5.308044623368224704e-03
3.521757652326181626e-02
3.462636299111712113e-01
8.008119922767667140e-03
2.171512661576892669e-02
3.170741105690801087e-02
4.354498110119371379e-01
6.574067426668576616e-03
3.886605589770159019e-02
9.356966879114413105e-02
4.541637428390966069e-01
2.304419658656604517e-02
3.151115625845456875e-02
4.342898118225052562e-03
4.705797930826887548e-02
1.154077705453913638e-01
1.578661950769000288e-02
6.722635297427677348e-02
4.860627626610972835e-02
3.097756092482494873e-03
2.704537298767267350e-03
1.921071266207954528e-02
4.233262009208691758e-03
1.175379174503208765e-02
4.009923537118657150e-03
4.243302916845161088e-02
3.403698689143525580e-01
1.003389853368769208e-01
8.054438116983000245e-03
2.603619984825911171e-01
1.764096808675988740e-02
5.464077297317507763e-03
4.694346100263269150e-02
2.105403010580616796e-01
1.164826262532443236e-02
1.277392906671453998e-02
2.755512120073602689e-01
4.366408829933304814e-03
3.434559072550972397e-02
1.036520951383788219e-02
7.985560039050891915e-03
6.547583402528643626e-02
6.780385214829299789e-01
3.998022841997547067e-02
5.141854571292039378e-01
1.541968028531292279e-01
1.736751018824220782e-01
6.303490848159262194e-01
9.484649444845213995e-02
7.584944965853371301e-02
1.783309870410194897e-01
3.513275969312102953e-01
3.520337615895683947e-01
2.266007488926531643e-01
2.723701828775072775e-02
5.598709265843316851e-01
4.173726309981785620e-01
3.246371893251763230e-01
3.121955829456385945e-01
4.889242360219053229e-01
9.848321797012164758e-02
3.996231102531395685e-01
7.669653503714258802e-01
6.877963016489360704e-02
1.945327370266030920e-01
1.321736568641502796e-01
3.032028168682851521e-01
5.379759400765490307e-01
4.792287435626673697e-01
1.811253003300094533e-01
7.016238134123125025e-01
5.201153205633554655e-02
2.369116594316072327e-02
9.415240029585506543e-01
3.704476438896909252e-01
5.736253914414501942e-01
1.647814971719423760e-01
3.962135365257163921e-01
3.677734090238103382e-01
2.044050134255473161e-01
2.617877931175057737e-01
7.963913811039192714e-01
4.981189178462425149e-02
1.571178410919610302e-01
1.401233189144789615e-01
1.800431344478455598e-01
2.728375728685448198e-01
2.126217977185792529e-01
2.559060693443676038e-01
2.377328155408557353e-01
6.687613279279467360e-01
1.122835833983984871e-01
