8.807188375418377457e-02
5.135882667367481780e-01
3.044221990488898966e-01
7.359022046974092457e-02
4.216814523452619423e-01
1.565964761093583124e-01
9.913818860180282355e-01
2.445017158180870231e-01
5.498167737842283437e-02
2.657494131968065609e-01
7.859268827745982122e-01
7.698023482470514600e-02
1.981141553842337144e-01
2.178557490387969808e-01
8.638848648138919284e-01
6.764170556446649774e-02
2.546997044460969639e-01
4.182703220939810729e-01
8.257873443273299197e-01
1.843862993960926899e-01
2.370982003921731918e-01
4.852345408452887754e-02
2.746313615559512478e-01
4.719398989924613042e-01
1.340286708205378485e-01
3.601713449311031434e-01
3.335693994992258715e-01
3.693281750254290979e-02
3.298670038683800682e-02
1.530095843092234287e-01
4.839715756412197450e-02
1.037015301680366958e-01
4.507229819274206212e-02
2.704765734279535594e-01
7.654920103330717929e-01
4.450349159244895714e-01
8.030307850753229393e-02
6.585138136240150653e-01
1.388052178790498692e-01
5.709477644892735348e-02
2.877680055380823498e-01
6.064521963669765592e-01
1.025034509397640681e-01
1.130983063849126113e-01
7.836403745106511609e-01
4.817424871485736365e-02
2.253844666104691530e-01
9.729710911538051732e-02
7.923511155456944288e-02
3.392192822895623849e-01
9.793220300914089460e-01
2.530080453871311197e-01
9.638485592609007391e-01
5.349735767804776332e-01
6.777836954347031817e-01
9.048312630260975098e-01
5.220786701755781856e-01
4.511361839052306366e-01
6.217921331114091288e-01
8.398549719436069205e-01
7.929786278273333044e-01
7.215625569232488878e-01
2.030135481209928983e-01
8.825361002909037911e-01
8.731925402967225525e-01
7.393520721681314800e-01
7.727325126696455992e-01
9.468693606399826157e-01
4.463450813110919624e-01
8.568372778139975443e-01
9.554923203558445266e-01
3.661581103814501303e-01
6.356706796537681115e-01
5.134621029781630819e-01
7.602579522335265461e-01
9.300922959723199046e-01
8.239804081085894127e-01
5.858469833570024710e-01
9.475058765583953546e-01
3.056766260167110283e-01
1.824801924399313824e-01
9.951157791992129020e-01
8.609284592635116917e-01
9.007772079178951730e-01
5.756803283921925196e-01
8.269186274458942831e-01
7.947564875300905385e-01
6.497923948657514659e-01
7.210471697763186638e-01
9.898405017173698139e-01
2.950956145723231949e-01
6.155851370757267071e-01
5.886989364326428165e-01
6.671853757658657846e-01
7.513840495604597880e-01
6.293510736848816345e-01
6.626308605417614572e-01
6.959455621907992828e-01
9.642415077990842409e-01
4.793013624124087824e-01
