1.705929758545268182e+00
1.106350341352529520e+00
1.106979041752049975e+00
1.131098924855292731e+00
6.705675439591427534e+00
6.162537961001722131e+00
2.474436774562060570e+00
-1.967557844534933764e+00
1.989834214817029601e+00
1.716359188648363121e+00
1.586456016620202858e+00
1.095450317879649749e+00
5.207568931808152612e+00
7.603481704868573221e-01
5.444585355580558783e+00
-2.964053939109593250e-01
2.361654281412354450e+00
1.437844468414738452e+00
2.256046569771081867e+00
2.772994080701757236e-01
1.349168197661036572e+00
1.967046841420934999e+00
1.129040572383105623e+00
-1.343264018192387166e-01
1.934826179130328505e+00
1.940971122233030588e+00
2.812039689910718732e+00
8.164566458809785487e-01
8.353449078748143020e-01
1.046758785729960062e+00
2.986427718656042174e+00
3.753855128117796980e+00
3.805631788890511125e-01
1.678103908553271850e+00
4.817697382914230553e-01
2.382938852300878096e+00
2.762924525569574019e+00
2.323794004629010423e+00
9.190836519145471062e-01
-1.218786474760285898e+00
1.995091836727842516e+00
3.959414294596645956e-01
1.813347114584276332e+00
2.501991819848672804e+00
7.271810558833944338e-01
1.948349136644325297e+00
2.157634477880615353e+00
-3.610383670719249372e-01
1.342248858435536540e+00
1.460428283259836979e+00
6.420404145287139208e+00
4.582075804971652566e+00
4.875801666468688289e+00
5.512852102005778576e+00
3.823324409861047712e+00
5.385315189135514657e+00
6.108533101226548467e+00
4.228944840745020528e+00
4.114107886257998281e+00
6.956245265943112877e+00
5.908193117367973812e+00
3.026351147228566685e+00
7.755962554363092565e+00
4.259599613655119299e+00
3.478463822178850862e+00
7.858405438677410260e+00
6.872768362033442990e+00
5.083712098576951277e+00
5.960654190269970343e+00
3.062533091518827799e+00
3.989298621171987858e+00
3.291499921416345398e+00
2.663886569906176227e+00
8.216408997162075067e+00
2.195252247465323325e+00
5.391775704875609421e+00
5.179520967491601624e+00
4.517017979258464599e+00
6.451443307533131222e-01
4.762121023839825718e+00
4.723019278990645553e+00
5.824248209989787206e+00
5.872744768392552217e+00
7.160509616952316136e+00
4.756604766960030872e+00
6.917951981326625699e+00
9.669052631799331721e+00
2.971977891652906045e+00
7.949425402768429905e+00
5.926588798906338162e+00
4.589297521792161660e+00
3.365727026083917828e+00
3.725960188839896325e+00
5.486954371051376178e+00
1.940296463808663052e+00
6.760031401273535856e+00
5.827182034497599972e+00
4.228129289902444299e+00
5.188944825288872131e+00
7.835950112034200998e+00
