3.041365430943566706e-01
1.570629855923180024e-02
4.677303941976274602e-03
6.388370215697478094e-03
1.367902512234245652e-02
3.870406647938463146e-02
2.424442257831086953e-02
2.846203408342044155e-04
1.838818475233717012e-02
1.765046553400425244e-03
1.049567543258662222e-02
1.961005821702580670e-02
5.742379518317325404e-02
1.869138445662566969e-02
2.145055852934084351e-03
2.005969418444346064e-01
6.294270462174437857e-03
3.090679320457337138e-03
4.789040215305348513e-02
1.310348442812437134e-03
7.343701019392820254e-04
2.282427713407058148e-02
2.160223115971455707e-02
1.377398520058586984e-01
3.848859611696368410e-04
1.515705016001736832e-04
4.881867350376259060e-03
1.086108321968149576e-01
5.370823993117454856e-03
8.634727260292905937e-01
8.271611372267660689e-02
8.034671254261927659e-03
1.314524252924516691e-03
4.294899689311706265e-03
5.917779963215088340e-02
4.047584382446250961e-02
1.754105624568211563e-01
5.943750238720382217e-01
8.927152715229058969e-03
3.381345159866989015e-03
3.825367663805035595e-02
5.417848339901604540e-03
1.751450556319712835e-03
6.154253991273021113e-02
5.595932829762636715e-03
6.784463475526668341e-02
1.551146613212379954e-03
1.422661229809204738e-04
1.460211576973073112e-02
8.516802802038452302e-01
4.738614034221085014e-02
2.110303702214582355e-01
2.710360817199850524e-03
3.407056462289834858e-02
1.970773421245136658e-01
1.025633777427888528e-03
2.439721143458012040e-02
3.490803081023037546e-02
3.332382180729526189e-02
9.900778137130210668e-03
3.064609554173511330e-02
6.664740198453807801e-03
2.851341277150604083e-04
9.732615726944303658e-01
9.085044425812636160e-01
7.336365191597467028e-01
7.233292612235042718e-01
9.633351662431764995e-01
8.688463197181269804e-01
9.910641369020132263e-01
9.974648143446092075e-01
9.842288313723984716e-01
9.731674951007706076e-01
9.233770652464629025e-01
9.630919161541118267e-01
7.001888421807908047e-01
9.284818735019398916e-01
9.288658373857244799e-01
9.848785955820612559e-01
5.954137658150747692e-01
9.582734630463938252e-01
9.975006544514565254e-01
9.831939225845568453e-01
9.549763538886137937e-01
9.047044350875425023e-01
6.464974067381377143e-01
9.545326473783961596e-01
9.704183184533402562e-01
9.949831716995928277e-01
9.268664696223252175e-01
7.329048422887215475e-01
9.578887889643776798e-01
8.873215297769051491e-01
9.685536854660529160e-01
8.722122720765214110e-01
9.953040543682414310e-01
9.839631206906072070e-01
8.540078205501988595e-01
9.943181399652794017e-01
9.895390701709390058e-01
9.951793710169384299e-01
9.327078868906385489e-01
9.234867968445412689e-01
9.888531308196739644e-01
6.940498972223950735e-01
9.427871466177328852e-01
9.073013805970986390e-01
9.825454367405649370e-01
8.489061302716880419e-01
8.593300479173408002e-01
9.896899752637922099e-01
8.195906906774166334e-01
9.506367660358940874e-01
8.472279567397940081e-01
5.952346703650077675e-01
9.553167425649804478e-01
9.855775703849808389e-01
8.177931402254156046e-01
9.887438215735783187e-01
9.407691669249302890e-01
8.962510208381213594e-01
9.530399534950376728e-01
8.294489904804451808e-01
9.875310599475176643e-01
9.938561415745107430e-01
4.213826619866578027e-01
