4.628297435151562111e-01
1.744099503042571275e-01
1.438025496677386994e-01
1.728803774878623634e-01
1.925543284763968910e-01
2.746089670229377444e-01
2.169835204323013189e-01
5.374951880130453968e-02
2.372946340421734357e-01
1.111172450822010827e-01
1.717969478177719389e-01
1.908386965955298220e-01
2.353201549232997736e-01
2.028141613224688500e-01
1.096812031298976392e-01
4.750440017610185750e-01
1.226888298111337983e-01
1.365345230668929266e-01
2.560994776028118758e-01
9.017955484849110581e-02
8.463164758205041216e-02
2.505762742700123891e-01
2.136603639329461568e-01
3.010274096180627357e-01
6.408038664952120378e-02
5.979532840099629348e-02
1.372099549085921411e-01
3.636592628503329538e-01
1.191022675537952297e-01
7.535790566846874983e-01
2.647004578359878346e-01
1.244651771879741325e-01
7.673676121338524059e-02
1.201200231458913192e-01
3.181938236079662752e-01
2.264467639432052315e-01
3.725271456436158313e-01
5.174935381221971165e-01
1.390767834242047085e-01
1.230589144791466999e-01
2.245368305001073095e-01
1.351080386899614350e-01
9.020625491352959879e-02
2.683784346442468216e-01
1.700493307262587739e-01
2.736982558878220950e-01
9.966638258763441116e-02
5.355737240177411984e-02
1.775788289787807173e-01
8.953432632136781866e-01
2.237474275700941373e-01
3.352257267927410411e-01
1.224221763697896925e-01
2.557145178759249182e-01
2.852088717177302946e-01
7.628822069267554573e-02
2.128381494915955463e-01
2.079294111845235993e-01
2.425072817750811016e-01
1.762314536360102546e-01
1.731278371651068793e-01
1.285012657624222676e-01
5.417006456301769884e-02
1.143032077526852763e+00
8.512979110015331807e-01
6.877427471896203626e-01
6.735029998652782846e-01
9.537044384320383372e-01
7.961704624391097163e-01
1.347003027358091964e+00
1.732370662773921488e+00
1.191881720731937877e+00
1.110149870151722062e+00
9.110778229805579498e-01
1.087408336833611378e+00
6.610684884804801653e-01
9.160607769145545642e-01
8.714439595753463719e-01
1.132483925740366271e+00
5.647330994831448736e-01
9.856241334932107634e-01
1.746356415232868553e+00
1.187031159385021795e+00
1.003063703069405843e+00
7.984293912129265536e-01
6.312500867541470662e-01
9.050168243773739629e-01
1.076162720825042385e+00
1.468747232183819529e+00
9.334335077946760428e-01
6.900918529207414887e-01
9.898341017093343908e-01
8.178205776824414297e-01
1.045581853172541820e+00
8.225729287526247768e-01
1.423685961160902291e+00
1.179231728526727085e+00
7.545984549584550116e-01
1.310631724460922465e+00
1.288783876182177046e+00
1.499431981644446576e+00
9.342648733978206055e-01
8.934141949865519461e-01
1.274595811065070805e+00
6.113649050373319849e-01
9.299053961829960580e-01
8.862437593066546659e-01
1.173384241657381422e+00
7.771698151976051960e-01
7.321791122961671672e-01
1.280679349969731096e+00
6.900110034475801513e-01
1.016201832241302228e+00
7.310326321631717139e-01
5.793694958407399342e-01
1.064598738319793458e+00
1.293154669196783457e+00
7.575923994865584321e-01
1.253328263052389202e+00
9.449590187092826721e-01
8.494804500088123378e-01
9.433613132228915177e-01
7.504266807280710605e-01
1.192583958592793980e+00
1.436535395876076482e+00
4.845585803597128871e-01
