7.910678035171705980e-02
2.981011878166155149e-02
2.457870711632466343e-02
2.954868445831941581e-02
3.291135278572668993e-02
4.693611752759808270e-02
3.708678608339759097e-02
9.186858531459196966e-03
4.055835813672287182e-02
1.899214046453724658e-02
2.936350484499672744e-02
3.261811727900798541e-02
4.022088050449573043e-02
3.466496165544914743e-02
1.874669242043806860e-02
8.119443927544166273e-02
2.096995374101477336e-02
2.333645725671788448e-02
4.377247877167102924e-02
1.541347404217032098e-02
1.446522668407103016e-02
4.282845380567112253e-02
3.651879274469752024e-02
5.145155320321940368e-02
1.095260869156041220e-02
1.022020727093029407e-02
2.345190195121407348e-02
6.215657881163502013e-02
2.035693913535395472e-02
1.288016030734152051e-01
4.524255683741450207e-02
2.127356672988798061e-02
1.311583406050186376e-02
2.053089374653386742e-02
5.438563373705067316e-02
3.870424204062773016e-02
6.367227581715823037e-02
8.844990674702608857e-02
2.377097996080195300e-02
2.103320854897435671e-02
3.837779654422977110e-02
2.309264279176144116e-02
1.541803761270564219e-02
4.587119600243421552e-02
2.906480243156224844e-02
4.678045893663914517e-02
1.703496101164467952e-02
9.154016901818926022e-03
3.035174298101158546e-02
1.530319169301932458e-01
3.824287193087352182e-02
5.729672370714799373e-02
2.092437738057123173e-02
4.370668152120087829e-02
4.874785141935612798e-02
1.303916959166038537e-02
3.637825999345310757e-02
3.553925928422387026e-02
4.144930299287276354e-02
3.012144981860083101e-02
2.959098022389622037e-02
2.196341429654180555e-02
9.258738140896179136e-03
1.953668465754568595e-01
1.455036928871633328e-01
1.175488723503660959e-01
1.151150171808704992e-01
1.630069989852118428e-01
1.360813188373516391e-01
2.302295263243493151e-01
2.960964964502706409e-01
2.037162192107051240e-01
1.897466253326557106e-01
1.557212651858953245e-01
1.858596463597969317e-01
1.129897126284288705e-01
1.565729508173449858e-01
1.489470520528464181e-01
1.935639582819070059e-01
9.652408446972375600e-02
1.684627077884540136e-01
2.984869388609520113e-01
2.028871620975240264e-01
1.714434760282276260e-01
1.364674145557972784e-01
1.078931565214485827e-01
1.546853203445533731e-01
1.839375476010759736e-01
2.510380249249322682e-01
1.595422949986535499e-01
1.179503810988821039e-01
1.691822748336296589e-01
1.397817528201289738e-01
1.787106709488150424e-01
1.405940238496612982e-01
2.433361602130711399e-01
2.015540847134096036e-01
1.289758384514645417e-01
2.240129494735619842e-01
2.202787189942977675e-01
2.562826570380146718e-01
1.596843918649016869e-01
1.527022009197922248e-01
2.178536973387955322e-01
1.044943846742054511e-01
1.589392707673200344e-01
1.514766312836498263e-01
2.005546332609821070e-01
1.328337314708648020e-01
1.251439282502192218e-01
2.188934947645984896e-01
1.179365623208010888e-01
1.736890428121170560e-01
1.249479720625946838e-01
9.902573482392799942e-02
1.819610336953661478e-01
2.210257741864365966e-01
1.294875629365227210e-01
2.142186516814420516e-01
1.615122333466915694e-01
1.451930527661178805e-01
1.612391537990834900e-01
1.282627995157784029e-01
2.038362455853963695e-01
2.455323833899502872e-01
8.282066941706912877e-02
